{
  "advancedEditorSelectedIdentifier" : "ProjectBrowser",
  "openSceneRelativePaths" : [
    "SweeperAssets.usda",
    "Scene.usda",
    "Immersive.usda"
  ],
  "recentIdentifiers" : {
    "57BFDF40-43D9-429A-9C44-F32C45FD2B0D" : [

    ],
    "822C1E60-C394-4E4E-858E-1587F4333EB6" : [

    ],
    "AF09ED6F-1707-48FD-8720-65B998362C09" : [

    ],
    "D6DDCE2C-7CE2-4E4A-B965-C344AAC70DD1" : [

    ]
  },
  "sceneCameraHistory" : {
    "57BFDF40-43D9-429A-9C44-F32C45FD2B0D" : [
      {
        "date" : 731307440.310954,
        "title" : "Untitled",
        "transform" : [
          1,
          0,
          -0,
          0,
          -0,
          0.8660253,
          -0.5000001,
          0,
          0,
          0.5000001,
          0.8660253,
          0,
          0,
          0.20791437,
          0.36011827,
          1
        ]
      }
    ],
    "822C1E60-C394-4E4E-858E-1587F4333EB6" : [
      {
        "date" : 731377332.79733,
        "title" : "Untitled",
        "transform" : [
          0.67354304,
          2.689781e-08,
          -0.7391481,
          0,
          -0.3192169,
          0.90193516,
          -0.29088387,
          0,
          0.66666365,
          0.4318713,
          0.60749215,
          0,
          0.63677555,
          0.3859676,
          0.11948018,
          1
        ]
      },
      {
        "date" : 731375719.970639,
        "title" : "Untitled",
        "transform" : [
          0.6754356,
          2.689781e-08,
          -0.737419,
          0,
          -0.31847018,
          0.90193516,
          -0.29170123,
          0,
          0.6651042,
          0.4318713,
          0.6091991,
          0,
          0.63646716,
          0.3859676,
          0.12111214,
          1
        ]
      },
      {
        "date" : 731375717.387288,
        "title" : "Untitled",
        "transform" : [
          0.6754356,
          2.689781e-08,
          -0.737419,
          0,
          -0.31847018,
          0.90193516,
          -0.29170123,
          0,
          0.6651042,
          0.4318713,
          0.6091991,
          0,
          0.87039757,
          0.4926294,
          -0.20990014,
          1
        ]
      },
      {
        "date" : 731375706.555432,
        "title" : "Untitled",
        "transform" : [
          0.6754356,
          2.689781e-08,
          -0.737419,
          0,
          -0.31847018,
          0.90193516,
          -0.29170123,
          0,
          0.6651042,
          0.4318713,
          0.6091991,
          0,
          0.66860694,
          0.4349393,
          0.051306143,
          1
        ]
      },
      {
        "date" : 731375619.53537,
        "title" : "Untitled",
        "transform" : [
          0.6754356,
          2.689781e-08,
          -0.737419,
          0,
          -0.31847018,
          0.90193516,
          -0.29170123,
          0,
          0.6651042,
          0.4318713,
          0.6091991,
          0,
          0.61531454,
          0.41922423,
          0.12062979,
          1
        ]
      },
      {
        "date" : 731373924.160061,
        "title" : "Untitled",
        "transform" : [
          0.6754356,
          2.689781e-08,
          -0.737419,
          0,
          -0.31847018,
          0.90193516,
          -0.29170123,
          0,
          0.6651042,
          0.4318713,
          0.6091991,
          0,
          0.49326056,
          0.33469674,
          0.074819624,
          1
        ]
      },
      {
        "date" : 731320106.549864,
        "title" : "Untitled",
        "transform" : [
          0.69003993,
          2.689781e-08,
          -0.7237713,
          0,
          -0.31257612,
          0.90193516,
          -0.29800844,
          0,
          0.65279484,
          0.43187135,
          0.6223714,
          0,
          0.17787619,
          0.14401573,
          0.11638822,
          1
        ]
      },
      {
        "date" : 731318468.884041,
        "title" : "Untitled",
        "transform" : [
          0.69003993,
          2.689781e-08,
          -0.7237713,
          0,
          -0.31257612,
          0.90193516,
          -0.29800844,
          0,
          0.65279484,
          0.43187135,
          0.6223714,
          0,
          0.10548931,
          0.07076255,
          0.08954394,
          1
        ]
      },
      {
        "date" : 731318453.832574,
        "title" : "Untitled",
        "transform" : [
          0.6949824,
          2.689781e-08,
          -0.71902674,
          0,
          -0.3105271,
          0.90193516,
          -0.30014294,
          0,
          0.6485156,
          0.43187135,
          0.62682915,
          0,
          0.22721125,
          0.2220701,
          0.22781688,
          1
        ]
      },
      {
        "date" : 731318444.931135,
        "title" : "Untitled",
        "transform" : [
          0.68555397,
          2.689781e-08,
          -0.72802174,
          0,
          -0.31441176,
          0.90193516,
          -0.29607108,
          0,
          0.6566285,
          0.43187135,
          0.61832535,
          0,
          5.6514473,
          6.91042,
          5.3929663,
          1
        ]
      }
    ],
    "AF09ED6F-1707-48FD-8720-65B998362C09" : [
      {
        "date" : 731373887.862648,
        "title" : "Untitled",
        "transform" : [
          0.9611371,
          -1.8333608e-08,
          -0.27607122,
          0,
          -0.12886722,
          0.8843685,
          -0.44864872,
          0,
          0.24414876,
          0.46678963,
          0.84999937,
          0,
          2.0396857,
          2.3432035,
          2.2452343,
          1
        ]
      },
      {
        "date" : 731373878.041469,
        "title" : "Untitled",
        "transform" : [
          0.9611371,
          -1.8333608e-08,
          -0.27607122,
          0,
          -0.12886722,
          0.8843685,
          -0.44864872,
          0,
          0.24414876,
          0.46678963,
          0.84999937,
          0,
          2.0661101,
          2.9943547,
          1.8800557,
          1
        ]
      },
      {
        "date" : 731373865.175078,
        "title" : "Untitled",
        "transform" : [
          0.9883008,
          -1.3120121e-08,
          0.1525173,
          0,
          0.015928166,
          0.9945317,
          -0.10321373,
          0,
          -0.15168321,
          0.10443565,
          0.9828964,
          0,
          1.8159337,
          0.9176576,
          2.5291533,
          1
        ]
      },
      {
        "date" : 731373861.96448,
        "title" : "Untitled",
        "transform" : [
          0.9804739,
          -1.3363204e-08,
          0.19664918,
          0,
          0.021881375,
          0.99379003,
          -0.109098755,
          0,
          -0.19542788,
          0.11127155,
          0.9743852,
          0,
          1.4315572,
          0.97772336,
          2.4543667,
          1
        ]
      },
      {
        "date" : 731354676.245631,
        "title" : "Untitled",
        "transform" : [
          0.9804739,
          -1.3363204e-08,
          0.19664918,
          0,
          0.021881375,
          0.99379003,
          -0.109098755,
          0,
          -0.19542788,
          0.11127155,
          0.9743852,
          0,
          1.4708741,
          1.2624371,
          2.429739,
          1
        ]
      },
      {
        "date" : 731354613.661814,
        "title" : "Untitled",
        "transform" : [
          0.84349453,
          -1.3425716e-08,
          0.53713787,
          0,
          0.28495595,
          0.8476798,
          -0.44748074,
          0,
          -0.4553209,
          0.5305082,
          0.7150133,
          0,
          -0.18784642,
          3.0818439,
          2.8327372,
          1
        ]
      },
      {
        "date" : 731354611.695548,
        "title" : "Untitled",
        "transform" : [
          0.84349453,
          -1.3425716e-08,
          0.53713787,
          0,
          0.28495595,
          0.8476798,
          -0.44748074,
          0,
          -0.4553209,
          0.5305082,
          0.7150133,
          0,
          -0.47288084,
          4.0532293,
          4.674878,
          1
        ]
      },
      {
        "date" : 731354600.724526,
        "title" : "Untitled",
        "transform" : [
          0.998528,
          7.4025026e-09,
          0.054237656,
          0,
          0.027047278,
          0.8667855,
          -0.49794698,
          0,
          -0.04701242,
          0.49868104,
          0.86550975,
          0,
          2.7892587,
          1.6890248,
          1.6976025,
          1
        ]
      },
      {
        "date" : 731354576.044855,
        "title" : "Untitled",
        "transform" : [
          0.9981209,
          7.4025026e-09,
          0.061275434,
          0,
          0.030556886,
          0.8667855,
          -0.49774393,
          0,
          -0.053112667,
          0.49868104,
          0.8651568,
          0,
          0.4721411,
          4.406271,
          4.968015,
          1
        ]
      },
      {
        "date" : 731354559.990092,
        "title" : "Untitled",
        "transform" : [
          0.9981209,
          7.4025026e-09,
          0.061275434,
          0,
          0.03055689,
          0.86678565,
          -0.497744,
          0,
          -0.053112667,
          0.49868104,
          0.8651568,
          0,
          0.14407046,
          2.38001,
          2.7334187,
          1
        ]
      }
    ],
    "D6DDCE2C-7CE2-4E4A-B965-C344AAC70DD1" : [
      {
        "date" : 731377057.375212,
        "title" : "Untitled",
        "transform" : [
          0.8602338,
          -1.2225598e-10,
          -0.5098998,
          0,
          -0.039554346,
          0.9969867,
          -0.06673072,
          0,
          0.5083633,
          0.07757278,
          0.8576416,
          0,
          0.34804785,
          0.03945738,
          0.5890407,
          1
        ]
      },
      {
        "date" : 731377041.656165,
        "title" : "Untitled",
        "transform" : [
          0.86023384,
          4.3850186e-09,
          -0.5098998,
          0,
          -0.039554343,
          0.9969866,
          -0.06673072,
          0,
          0.5083633,
          0.07757278,
          0.8576417,
          0,
          1.0500654,
          0.30367568,
          1.6254185,
          1
        ]
      },
      {
        "date" : 731353093.183725,
        "title" : "Untitled",
        "transform" : [
          0.86023384,
          4.3850186e-09,
          -0.5098998,
          0,
          -0.039554343,
          0.9969866,
          -0.06673072,
          0,
          0.5083633,
          0.07757278,
          0.8576417,
          0,
          0.23636794,
          0.17951214,
          0.25266445,
          1
        ]
      },
      {
        "date" : 731353089.298999,
        "title" : "Untitled",
        "transform" : [
          0.86023384,
          4.3850186e-09,
          -0.5098998,
          0,
          -0.039554343,
          0.9969866,
          -0.06673072,
          0,
          0.5083633,
          0.07757278,
          0.8576417,
          0,
          0.22627261,
          0.23193333,
          0.25390697,
          1
        ]
      },
      {
        "date" : 731353048.89972,
        "title" : "Untitled",
        "transform" : [
          0.86023384,
          4.3850186e-09,
          -0.5098998,
          0,
          -0.039554343,
          0.9969866,
          -0.06673072,
          0,
          0.5083633,
          0.07757278,
          0.8576417,
          0,
          0.2859264,
          0.11167696,
          0.38668835,
          1
        ]
      },
      {
        "date" : 731352612.926345,
        "title" : "Untitled",
        "transform" : [
          0.86023384,
          4.3850186e-09,
          -0.5098998,
          0,
          -0.039554343,
          0.9969866,
          -0.06673072,
          0,
          0.5083633,
          0.07757278,
          0.8576417,
          0,
          0.09689097,
          0.0845965,
          0.12479191,
          1
        ]
      },
      {
        "date" : 731352603.860155,
        "title" : "Untitled",
        "transform" : [
          0.86023384,
          4.3850186e-09,
          -0.5098998,
          0,
          -0.039554343,
          0.9969866,
          -0.06673072,
          0,
          0.5083633,
          0.07757278,
          0.8576417,
          0,
          0.043192327,
          0.08013645,
          0.15702495,
          1
        ]
      },
      {
        "date" : 731352588.442344,
        "title" : "Untitled",
        "transform" : [
          0.6723131,
          2.694893e-09,
          -0.7402669,
          0,
          0.029376399,
          0.99921227,
          0.026679752,
          0,
          0.73968387,
          -0.039683525,
          0.67178357,
          0,
          0.09180099,
          0.05974509,
          0.13497758,
          1
        ]
      },
      {
        "date" : 731352576.391293,
        "title" : "Untitled",
        "transform" : [
          0.6723131,
          2.694893e-09,
          -0.7402669,
          0,
          0.029376399,
          0.99921227,
          0.026679752,
          0,
          0.73968387,
          -0.039683525,
          0.67178357,
          0,
          0.19256654,
          0.0630633,
          0.02422323,
          1
        ]
      },
      {
        "date" : 731352518.957873,
        "title" : "Untitled",
        "transform" : [
          0.6723131,
          2.694893e-09,
          -0.7402669,
          0,
          0.029376399,
          0.99921227,
          0.026679752,
          0,
          0.73968387,
          -0.039683525,
          0.67178357,
          0,
          0.122689374,
          0.0817652,
          0.10226796,
          1
        ]
      }
    ],
    "D66134B1-3681-4A8E-AFE5-29F257229F3B" : [
      {
        "date" : 731312171.410811,
        "title" : "Untitled",
        "transform" : [
          1,
          0,
          0,
          0,
          0,
          0.8660254,
          -0.5,
          0,
          0,
          0.5,
          0.8660254,
          0,
          0.017807253,
          0.23851582,
          0.28507367,
          1
        ]
      },
      {
        "date" : 731311692.063097,
        "title" : "Untitled",
        "transform" : [
          1,
          0,
          0,
          0,
          0,
          0.8660254,
          -0.5,
          0,
          0,
          0.5,
          0.8660254,
          0,
          7.450581e-09,
          0.17497912,
          0.32175654,
          1
        ]
      },
      {
        "date" : 731311680.304201,
        "title" : "Untitled",
        "transform" : [
          1,
          0,
          -0,
          0,
          -0,
          0.8660254,
          -0.5,
          0,
          0,
          0.5,
          0.8660254,
          0,
          7.450581e-09,
          0.060449325,
          0.12338513,
          1
        ]
      },
      {
        "date" : 731311654.464112,
        "title" : "Untitled",
        "transform" : [
          1,
          0,
          0,
          0,
          0,
          0.8660254,
          -0.5,
          0,
          0,
          0.5,
          0.8660254,
          0,
          -0.069374815,
          0.10453541,
          0.42083445,
          1
        ]
      },
      {
        "date" : 731311650.143772,
        "title" : "Untitled",
        "transform" : [
          1,
          0,
          0,
          0,
          0,
          0.8660254,
          -0.5,
          0,
          0,
          0.5,
          0.8660254,
          0,
          -0.04767817,
          0.16164781,
          0.3878606,
          1
        ]
      }
    ]
  },
  "selectedSceneRelativePath" : "SweeperAssets.usda"
}