{
  "advancedEditorSelectedIdentifier" : "ProjectBrowser",
  "openSceneRelativePaths" : [
    "SweeperAssets.usda",
    "Scene.usda"
  ],
  "recentIdentifiers" : {
    "822C1E60-C394-4E4E-858E-1587F4333EB6" : [

    ]
  },
  "sceneCameraHistory" : {
    "57BFDF40-43D9-429A-9C44-F32C45FD2B0D" : [
      {
        "date" : 731307440.310954,
        "title" : "Untitled",
        "transform" : [
          1,
          0,
          -0,
          0,
          -0,
          0.8660253,
          -0.5000001,
          0,
          0,
          0.5000001,
          0.8660253,
          0,
          0,
          0.20791437,
          0.36011827,
          1
        ]
      }
    ],
    "822C1E60-C394-4E4E-858E-1587F4333EB6" : [
      {
        "date" : 731313594.061615,
        "title" : "Untitled",
        "transform" : [
          -0.99999845,
          2.378958e-08,
          -0.0017435065,
          0,
          -0.0002463071,
          0.9899751,
          0.14124203,
          0,
          0.0017259791,
          0.14124228,
          -0.98997355,
          0,
          0.016366003,
          0.040076826,
          -0.2040523,
          1
        ]
      },
      {
        "date" : 731313543.460312,
        "title" : "Untitled",
        "transform" : [
          -0.99999845,
          2.378958e-08,
          -0.0017435065,
          0,
          -0.0002463071,
          0.9899751,
          0.14124203,
          0,
          0.0017259791,
          0.14124228,
          -0.98997355,
          0,
          0.01624149,
          0.029887635,
          -0.1326358,
          1
        ]
      },
      {
        "date" : 731313401.42746,
        "title" : "Untitled",
        "transform" : [
          -0.99999845,
          2.378958e-08,
          -0.0017435065,
          0,
          -0.0002463071,
          0.9899751,
          0.14124203,
          0,
          0.0017259791,
          0.14124228,
          -0.98997355,
          0,
          0.182572,
          0.12939727,
          -0.35061228,
          1
        ]
      },
      {
        "date" : 731313342.242997,
        "title" : "Untitled",
        "transform" : [
          -0.99999845,
          2.378958e-08,
          -0.0017435065,
          0,
          -0.00024630709,
          0.989975,
          0.14124201,
          0,
          0.0017259791,
          0.14124228,
          -0.98997355,
          0,
          0.10133099,
          0.30222356,
          -0.32609603,
          1
        ]
      },
      {
        "date" : 731313335.157683,
        "title" : "Untitled",
        "transform" : [
          -0.2917172,
          2.3788022e-08,
          -0.9565047,
          0,
          0.18121009,
          0.98189026,
          -0.05526596,
          0,
          0.9391825,
          -0.18945022,
          -0.2864343,
          0,
          0.38126263,
          0.18581231,
          -0.01093416,
          1
        ]
      },
      {
        "date" : 731313330.660893,
        "title" : "Untitled",
        "transform" : [
          -0.24443711,
          2.0883045e-08,
          -0.9696652,
          0,
          -0.21534485,
          0.97502804,
          0.054284934,
          0,
          0.94545066,
          0.2220817,
          -0.23833308,
          0,
          0.32542187,
          0.32840785,
          0.021880846,
          1
        ]
      },
      {
        "date" : 731313326.657596,
        "title" : "Untitled",
        "transform" : [
          -0.24443711,
          2.0883045e-08,
          -0.9696652,
          0,
          -0.21534485,
          0.97502804,
          0.054284934,
          0,
          0.94545066,
          0.2220817,
          -0.23833308,
          0,
          0.32947695,
          0.33421436,
          0.043377466,
          1
        ]
      },
      {
        "date" : 731313324.591783,
        "title" : "Untitled",
        "transform" : [
          -0.24443711,
          2.0883045e-08,
          -0.9696652,
          0,
          -0.21534485,
          0.97502804,
          0.054284934,
          0,
          0.94545066,
          0.2220817,
          -0.23833308,
          0,
          0.30181524,
          0.35034347,
          -0.05132532,
          1
        ]
      },
      {
        "date" : 731313088.216043,
        "title" : "Untitled",
        "transform" : [
          -0.24443711,
          2.0883045e-08,
          -0.9696652,
          0,
          -0.21534485,
          0.97502804,
          0.054284934,
          0,
          0.94545066,
          0.2220817,
          -0.23833308,
          0,
          0.33067152,
          0.23872994,
          -0.04085739,
          1
        ]
      },
      {
        "date" : 731313085.40054,
        "title" : "Untitled",
        "transform" : [
          -0.24443711,
          2.0883045e-08,
          -0.9696652,
          0,
          -0.21534485,
          0.97502804,
          0.054284934,
          0,
          0.94545066,
          0.2220817,
          -0.23833308,
          0,
          0.29770026,
          0.21142209,
          -0.054431476,
          1
        ]
      }
    ],
    "AF09ED6F-1707-48FD-8720-65B998362C09" : [
      {
        "date" : 731305769.501553,
        "title" : "Untitled",
        "transform" : [
          0.99755657,
          8.937684e-12,
          0.06986283,
          0,
          0.036035433,
          0.8567074,
          -0.5145424,
          0,
          -0.059852023,
          0.5158027,
          0.85461414,
          0,
          -0.19483082,
          1.8835646,
          -0.567852,
          1
        ]
      },
      {
        "date" : 731305759.255757,
        "title" : "Untitled",
        "transform" : [
          0.9999941,
          -5.2929217e-11,
          0.0034598233,
          0,
          0.0019015278,
          0.8354263,
          -0.54959923,
          0,
          -0.0028904267,
          0.5496025,
          0.8354213,
          0,
          0.09678072,
          2.0289824,
          -0.34902978,
          1
        ]
      },
      {
        "date" : 731305235.219437,
        "title" : "Untitled",
        "transform" : [
          0.9999941,
          -5.2929217e-11,
          0.0034598233,
          0,
          0.0019015278,
          0.8354263,
          -0.54959923,
          0,
          -0.0028904267,
          0.5496025,
          0.8354213,
          0,
          -0.07694168,
          1.8725584,
          -0.24672389,
          1
        ]
      },
      {
        "date" : 731305229.944547,
        "title" : "Untitled",
        "transform" : [
          0.99997735,
          5.1425815e-11,
          0.0067404187,
          0,
          0.006218706,
          0.38575932,
          -0.92257845,
          0,
          -0.0026001795,
          0.92259943,
          0.3857506,
          0,
          -0.007666134,
          3.4951005,
          0.36231226,
          1
        ]
      },
      {
        "date" : 731305222.449235,
        "title" : "Untitled",
        "transform" : [
          1,
          0,
          -0,
          0,
          -0,
          0.86602485,
          -0.50000095,
          0,
          0,
          0.50000095,
          0.86602485,
          0,
          0,
          3.3073952,
          3.611237,
          1
        ]
      }
    ],
    "D66134B1-3681-4A8E-AFE5-29F257229F3B" : [
      {
        "date" : 731312171.410811,
        "title" : "Untitled",
        "transform" : [
          1,
          0,
          0,
          0,
          0,
          0.8660254,
          -0.5,
          0,
          0,
          0.5,
          0.8660254,
          0,
          0.017807253,
          0.23851582,
          0.28507367,
          1
        ]
      },
      {
        "date" : 731311692.063097,
        "title" : "Untitled",
        "transform" : [
          1,
          0,
          0,
          0,
          0,
          0.8660254,
          -0.5,
          0,
          0,
          0.5,
          0.8660254,
          0,
          7.450581e-09,
          0.17497912,
          0.32175654,
          1
        ]
      },
      {
        "date" : 731311680.304201,
        "title" : "Untitled",
        "transform" : [
          1,
          0,
          -0,
          0,
          -0,
          0.8660254,
          -0.5,
          0,
          0,
          0.5,
          0.8660254,
          0,
          7.450581e-09,
          0.060449325,
          0.12338513,
          1
        ]
      },
      {
        "date" : 731311654.464112,
        "title" : "Untitled",
        "transform" : [
          1,
          0,
          0,
          0,
          0,
          0.8660254,
          -0.5,
          0,
          0,
          0.5,
          0.8660254,
          0,
          -0.069374815,
          0.10453541,
          0.42083445,
          1
        ]
      },
      {
        "date" : 731311650.143772,
        "title" : "Untitled",
        "transform" : [
          1,
          0,
          0,
          0,
          0,
          0.8660254,
          -0.5,
          0,
          0,
          0.5,
          0.8660254,
          0,
          -0.04767817,
          0.16164781,
          0.3878606,
          1
        ]
      }
    ]
  },
  "selectedSceneRelativePath" : "SweeperAssets.usda"
}