{
  "advancedEditorSelectedIdentifier" : "ProjectBrowser",
  "openSceneRelativePaths" : [
    "SweeperAssets.usda",
    "Scene.usda"
  ],
  "recentIdentifiers" : {
    "822C1E60-C394-4E4E-858E-1587F4333EB6" : [

    ]
  },
  "sceneCameraHistory" : {
    "57BFDF40-43D9-429A-9C44-F32C45FD2B0D" : [
      {
        "date" : 731307440.310954,
        "title" : "Untitled",
        "transform" : [
          1,
          0,
          -0,
          0,
          -0,
          0.8660253,
          -0.5000001,
          0,
          0,
          0.5000001,
          0.8660253,
          0,
          0,
          0.20791437,
          0.36011827,
          1
        ]
      }
    ],
    "822C1E60-C394-4E4E-858E-1587F4333EB6" : [
      {
        "date" : 731320106.549864,
        "title" : "Untitled",
        "transform" : [
          0.69003993,
          2.689781e-08,
          -0.7237713,
          0,
          -0.31257612,
          0.90193516,
          -0.29800844,
          0,
          0.65279484,
          0.43187135,
          0.6223714,
          0,
          0.17787619,
          0.14401573,
          0.11638822,
          1
        ]
      },
      {
        "date" : 731318468.884041,
        "title" : "Untitled",
        "transform" : [
          0.69003993,
          2.689781e-08,
          -0.7237713,
          0,
          -0.31257612,
          0.90193516,
          -0.29800844,
          0,
          0.65279484,
          0.43187135,
          0.6223714,
          0,
          0.10548931,
          0.07076255,
          0.08954394,
          1
        ]
      },
      {
        "date" : 731318453.832574,
        "title" : "Untitled",
        "transform" : [
          0.6949824,
          2.689781e-08,
          -0.71902674,
          0,
          -0.3105271,
          0.90193516,
          -0.30014294,
          0,
          0.6485156,
          0.43187135,
          0.62682915,
          0,
          0.22721125,
          0.2220701,
          0.22781688,
          1
        ]
      },
      {
        "date" : 731318444.931135,
        "title" : "Untitled",
        "transform" : [
          0.68555397,
          2.689781e-08,
          -0.72802174,
          0,
          -0.31441176,
          0.90193516,
          -0.29607108,
          0,
          0.6566285,
          0.43187135,
          0.61832535,
          0,
          5.6514473,
          6.91042,
          5.3929663,
          1
        ]
      },
      {
        "date" : 731318437.648539,
        "title" : "Untitled",
        "transform" : [
          0.68555397,
          2.689781e-08,
          -0.72802174,
          0,
          -0.31441176,
          0.90193516,
          -0.29607108,
          0,
          0.6566285,
          0.43187135,
          0.61832535,
          0,
          0.83950007,
          0.43876213,
          0.83517087,
          1
        ]
      },
      {
        "date" : 731318413.630881,
        "title" : "Untitled",
        "transform" : [
          0.68555397,
          2.689781e-08,
          -0.72802174,
          0,
          -0.31441176,
          0.90193516,
          -0.29607108,
          0,
          0.6566285,
          0.43187135,
          0.61832535,
          0,
          0.2520731,
          0.18072663,
          0.2507732,
          1
        ]
      },
      {
        "date" : 731317862.420383,
        "title" : "Untitled",
        "transform" : [
          0.68766177,
          2.689781e-08,
          -0.7260312,
          0,
          -0.3135521,
          0.90193516,
          -0.29698136,
          0,
          0.6548331,
          0.43187135,
          0.62022644,
          0,
          0.20107317,
          0.18530451,
          0.14320453,
          1
        ]
      },
      {
        "date" : 731317856.171046,
        "title" : "Untitled",
        "transform" : [
          0.68766177,
          2.689781e-08,
          -0.7260312,
          0,
          -0.3135521,
          0.90193516,
          -0.29698136,
          0,
          0.6548331,
          0.43187135,
          0.62022644,
          0,
          62.28997,
          35.7899,
          44.362984,
          1
        ]
      },
      {
        "date" : 731317713.500533,
        "title" : "Untitled",
        "transform" : [
          0.69030493,
          2.6897814e-08,
          -0.7235186,
          0,
          -0.31246698,
          0.90193516,
          -0.29812288,
          0,
          0.6525668,
          0.43187135,
          0.6226104,
          0,
          0.47509384,
          0.45384622,
          0.25261942,
          1
        ]
      },
      {
        "date" : 731317683.533279,
        "title" : "Untitled",
        "transform" : [
          0.69030493,
          2.6897814e-08,
          -0.7235186,
          0,
          -0.31246698,
          0.90193516,
          -0.29812288,
          0,
          0.6525668,
          0.43187135,
          0.6226104,
          0,
          0.32378495,
          0.38894123,
          0.25216544,
          1
        ]
      }
    ],
    "AF09ED6F-1707-48FD-8720-65B998362C09" : [
      {
        "date" : 731305769.501553,
        "title" : "Untitled",
        "transform" : [
          0.99755657,
          8.937684e-12,
          0.06986283,
          0,
          0.036035433,
          0.8567074,
          -0.5145424,
          0,
          -0.059852023,
          0.5158027,
          0.85461414,
          0,
          -0.19483082,
          1.8835646,
          -0.567852,
          1
        ]
      },
      {
        "date" : 731305759.255757,
        "title" : "Untitled",
        "transform" : [
          0.9999941,
          -5.2929217e-11,
          0.0034598233,
          0,
          0.0019015278,
          0.8354263,
          -0.54959923,
          0,
          -0.0028904267,
          0.5496025,
          0.8354213,
          0,
          0.09678072,
          2.0289824,
          -0.34902978,
          1
        ]
      },
      {
        "date" : 731305235.219437,
        "title" : "Untitled",
        "transform" : [
          0.9999941,
          -5.2929217e-11,
          0.0034598233,
          0,
          0.0019015278,
          0.8354263,
          -0.54959923,
          0,
          -0.0028904267,
          0.5496025,
          0.8354213,
          0,
          -0.07694168,
          1.8725584,
          -0.24672389,
          1
        ]
      },
      {
        "date" : 731305229.944547,
        "title" : "Untitled",
        "transform" : [
          0.99997735,
          5.1425815e-11,
          0.0067404187,
          0,
          0.006218706,
          0.38575932,
          -0.92257845,
          0,
          -0.0026001795,
          0.92259943,
          0.3857506,
          0,
          -0.007666134,
          3.4951005,
          0.36231226,
          1
        ]
      },
      {
        "date" : 731305222.449235,
        "title" : "Untitled",
        "transform" : [
          1,
          0,
          -0,
          0,
          -0,
          0.86602485,
          -0.50000095,
          0,
          0,
          0.50000095,
          0.86602485,
          0,
          0,
          3.3073952,
          3.611237,
          1
        ]
      }
    ],
    "D66134B1-3681-4A8E-AFE5-29F257229F3B" : [
      {
        "date" : 731312171.410811,
        "title" : "Untitled",
        "transform" : [
          1,
          0,
          0,
          0,
          0,
          0.8660254,
          -0.5,
          0,
          0,
          0.5,
          0.8660254,
          0,
          0.017807253,
          0.23851582,
          0.28507367,
          1
        ]
      },
      {
        "date" : 731311692.063097,
        "title" : "Untitled",
        "transform" : [
          1,
          0,
          0,
          0,
          0,
          0.8660254,
          -0.5,
          0,
          0,
          0.5,
          0.8660254,
          0,
          7.450581e-09,
          0.17497912,
          0.32175654,
          1
        ]
      },
      {
        "date" : 731311680.304201,
        "title" : "Untitled",
        "transform" : [
          1,
          0,
          -0,
          0,
          -0,
          0.8660254,
          -0.5,
          0,
          0,
          0.5,
          0.8660254,
          0,
          7.450581e-09,
          0.060449325,
          0.12338513,
          1
        ]
      },
      {
        "date" : 731311654.464112,
        "title" : "Untitled",
        "transform" : [
          1,
          0,
          0,
          0,
          0,
          0.8660254,
          -0.5,
          0,
          0,
          0.5,
          0.8660254,
          0,
          -0.069374815,
          0.10453541,
          0.42083445,
          1
        ]
      },
      {
        "date" : 731311650.143772,
        "title" : "Untitled",
        "transform" : [
          1,
          0,
          0,
          0,
          0,
          0.8660254,
          -0.5,
          0,
          0,
          0.5,
          0.8660254,
          0,
          -0.04767817,
          0.16164781,
          0.3878606,
          1
        ]
      }
    ]
  },
  "selectedSceneRelativePath" : "SweeperAssets.usda"
}