{
  "advancedEditorSelectedIdentifier" : "ProjectBrowser",
  "openSceneRelativePaths" : [
    "RealVacuumAssets.usda",
    "SharedAssets.usda",
    "Materials\/GridMaterial.usda",
    "FancyAssets.usda",
    "SweeperAssets1.usda"
  ],
  "recentIdentifiers" : {
    "1D8CD93A-03DC-4AD7-BB63-5617FD1CE13A" : [

    ],
    "2E0AC086-82B4-458D-9A79-75A185359E8F" : [

    ],
    "3BC72C8F-C326-4619-BB9E-16FE318BD606" : [

    ],
    "44A2D4E5-3785-431B-9151-D0D51BDCA99F" : [

    ],
    "45AFBB21-1C26-4A50-92AF-226438ABE7AE" : [

    ],
    "48F376F9-1254-423A-9B43-140CC564E30D" : [

    ],
    "57BFDF40-43D9-429A-9C44-F32C45FD2B0D" : [

    ],
    "64E0AA33-778E-4AB6-9B20-B2CE4AD33220" : [

    ],
    "822C1E60-C394-4E4E-858E-1587F4333EB6" : [

    ],
    "3376572D-596D-44F4-9FF7-1CC1A1A167BF" : [

    ],
    "84886154-4942-4468-88EE-0FFF5EE3DD2C" : [

    ],
    "AF09ED6F-1707-48FD-8720-65B998362C09" : [

    ],
    "B281CAEB-0169-4E62-A234-C154B231E30F" : [

    ],
    "D6DDCE2C-7CE2-4E4A-B965-C344AAC70DD1" : [

    ]
  },
  "sceneCameraHistory" : {
    "1D8CD93A-03DC-4AD7-BB63-5617FD1CE13A" : [
      {
        "date" : 731531717.691715,
        "title" : "Untitled",
        "transform" : [
          0.023273528,
          -9.99428e-10,
          -0.99972916,
          0,
          -0.52569395,
          0.85058576,
          -0.012238065,
          0,
          0.8503553,
          0.5258364,
          0.019796036,
          0,
          0.9444027,
          0.6057014,
          -0.52431214,
          1
        ]
      },
      {
        "date" : 731531715.956903,
        "title" : "Untitled",
        "transform" : [
          -0.07719591,
          -9.434129e-10,
          -0.99701595,
          0,
          -0.5736566,
          0.81789076,
          0.044416487,
          0,
          0.81545013,
          0.5753736,
          -0.06313792,
          0,
          0.9147582,
          0.6608223,
          -0.6168424,
          1
        ]
      },
      {
        "date" : 731529562.505077,
        "title" : "Untitled",
        "transform" : [
          -0.26030043,
          -8.8832686e-10,
          -0.96552765,
          0,
          -0.54029673,
          0.82877165,
          0.14566074,
          0,
          0.8002019,
          0.559587,
          -0.2157297,
          0,
          1.0146991,
          0.6066939,
          0.005604714,
          1
        ]
      },
      {
        "date" : 731479871.030649,
        "title" : "Untitled",
        "transform" : [
          -0.8265665,
          -7.9461954e-10,
          -0.562839,
          0,
          -0.3125748,
          0.8316142,
          0.45903692,
          0,
          0.46806484,
          0.5553538,
          -0.68738455,
          0,
          0.77512866,
          0.6016979,
          -0.65943784,
          1
        ]
      },
      {
        "date" : 731467226.720534,
        "title" : "Untitled",
        "transform" : [
          -0.8265665,
          -7.9461954e-10,
          -0.562839,
          0,
          -0.3125748,
          0.8316142,
          0.45903692,
          0,
          0.46806484,
          0.5553538,
          -0.68738455,
          0,
          0.74805886,
          0.6016979,
          -0.6778705,
          1
        ]
      },
      {
        "date" : 731467045.734953,
        "title" : "Untitled",
        "transform" : [
          0.04258173,
          -6.751452e-10,
          0.999093,
          0,
          0.48469397,
          0.8744399,
          -0.020657858,
          0,
          -0.8736468,
          0.48513392,
          0.03723517,
          0,
          -0.7648536,
          0.5169789,
          -0.4246176,
          1
        ]
      },
      {
        "date" : 731461107.590679,
        "title" : "Untitled",
        "transform" : [
          0.04258173,
          -6.751452e-10,
          0.999093,
          0,
          0.48469397,
          0.8744399,
          -0.020657858,
          0,
          -0.8736468,
          0.48513392,
          0.03723517,
          0,
          -0.7929497,
          0.53596956,
          -0.39101684,
          1
        ]
      },
      {
        "date" : 731461100.434275,
        "title" : "Untitled",
        "transform" : [
          -0.052291203,
          -3.539804e-10,
          0.9986319,
          0,
          0.37588033,
          0.92645925,
          0.019682148,
          0,
          -0.92519164,
          0.37639517,
          -0.048445653,
          0,
          -1.3529702,
          0.63780695,
          -0.4184716,
          1
        ]
      },
      {
        "date" : 731461086.355917,
        "title" : "Untitled",
        "transform" : [
          0.99999994,
          0,
          -0,
          0,
          -0,
          0.86214167,
          -0.5066672,
          0,
          0,
          0.5066672,
          0.86214167,
          0,
          0,
          1.4317038,
          1.8191628,
          1
        ]
      }
    ],
    "2E0AC086-82B4-458D-9A79-75A185359E8F" : [
      {
        "date" : 731467832.602727,
        "title" : "Untitled",
        "transform" : [
          -0.9992336,
          4.0836532e-08,
          0.039142974,
          0,
          0.02060601,
          0.8502174,
          0.5260282,
          0,
          -0.033279862,
          0.52643156,
          -0.849566,
          0,
          -0.40739197,
          2.2642899,
          -4.0349884,
          1
        ]
      },
      {
        "date" : 731467827.719229,
        "title" : "Untitled",
        "transform" : [
          -0.9992336,
          4.0836532e-08,
          0.039142974,
          0,
          0.02060601,
          0.8502174,
          0.5260282,
          0,
          -0.033279862,
          0.52643156,
          -0.849566,
          0,
          0.22468498,
          0.88437515,
          -1.2019207,
          1
        ]
      },
      {
        "date" : 731467820.735943,
        "title" : "Untitled",
        "transform" : [
          -0.99080956,
          4.0836532e-08,
          0.13526416,
          0,
          0.07120724,
          0.8502174,
          0.5215935,
          0,
          -0.11500378,
          0.52643156,
          -0.8424037,
          0,
          -0.19306481,
          1.354078,
          -2.4787219,
          1
        ]
      },
      {
        "date" : 731467766.852165,
        "title" : "Untitled",
        "transform" : [
          -0.8242783,
          4.046883e-08,
          0.5661848,
          0,
          0.3838197,
          0.735149,
          0.5587828,
          0,
          -0.41623014,
          0.67790544,
          -0.6059676,
          0,
          -1.0595257,
          1.4525834,
          -1.8501375,
          1
        ]
      },
      {
        "date" : 731467762.06794,
        "title" : "Untitled",
        "transform" : [
          -0.8242783,
          4.046883e-08,
          0.5661848,
          0,
          0.3838197,
          0.735149,
          0.5587828,
          0,
          -0.41623014,
          0.67790544,
          -0.6059676,
          0,
          -1.287647,
          1.8241286,
          -2.1821969,
          1
        ]
      },
      {
        "date" : 731467655.726474,
        "title" : "Untitled",
        "transform" : [
          -0.9989619,
          4.690016e-08,
          0.04555264,
          0,
          0.015990147,
          0.9363651,
          0.350663,
          0,
          -0.04265376,
          0.35102737,
          -0.93539315,
          0,
          0.05315599,
          0.596316,
          -2.6572855,
          1
        ]
      },
      {
        "date" : 731467652.942599,
        "title" : "Untitled",
        "transform" : [
          -0.9989619,
          4.690016e-08,
          0.04555264,
          0,
          0.015990147,
          0.9363651,
          0.350663,
          0,
          -0.04265376,
          0.35102737,
          -0.93539315,
          0,
          -0.19630459,
          1.1853662,
          -2.4248557,
          1
        ]
      },
      {
        "date" : 731467616.654226,
        "title" : "Untitled",
        "transform" : [
          -0.9989619,
          4.690016e-08,
          0.04555264,
          0,
          0.015990147,
          0.9363651,
          0.350663,
          0,
          -0.04265376,
          0.35102737,
          -0.93539315,
          0,
          -0.19413951,
          0.785619,
          -2.5749683,
          1
        ]
      },
      {
        "date" : 731467609.78154,
        "title" : "Untitled",
        "transform" : [
          -0.9989619,
          4.690016e-08,
          0.04555264,
          0,
          0.015990147,
          0.9363651,
          0.350663,
          0,
          -0.04265376,
          0.35102737,
          -0.93539315,
          0,
          -0.10168967,
          0.9658146,
          -1.6399509,
          1
        ]
      },
      {
        "date" : 731467608.141955,
        "title" : "Untitled",
        "transform" : [
          -0.9989619,
          4.690016e-08,
          0.04555264,
          0,
          0.015990147,
          0.9363651,
          0.350663,
          0,
          -0.04265376,
          0.35102737,
          -0.93539315,
          0,
          -0.23431611,
          0.90188694,
          -1.6578932,
          1
        ]
      }
    ],
    "3BC72C8F-C326-4619-BB9E-16FE318BD606" : [
      {
        "date" : 731529543.885911,
        "title" : "Untitled",
        "transform" : [
          -0.111975215,
          -1.6061063e-07,
          -0.99371094,
          0,
          -0.90635747,
          0.4099819,
          0.10213192,
          0,
          0.4074033,
          0.9120938,
          -0.045907795,
          0,
          0.31647974,
          0.43365666,
          -0.027776886,
          1
        ]
      },
      {
        "date" : 731529528.803386,
        "title" : "Untitled",
        "transform" : [
          0.028501408,
          -1.683333e-07,
          -0.99959385,
          0,
          -0.25844818,
          0.96599686,
          -0.0073691937,
          0,
          0.9656045,
          0.2585535,
          0.02753236,
          0,
          0.5363566,
          0.027848486,
          0.023132076,
          1
        ]
      },
      {
        "date" : 731529522.969236,
        "title" : "Untitled",
        "transform" : [
          0.012334894,
          -1.6856531e-07,
          -0.99992394,
          0,
          -0.39561585,
          0.918403,
          -0.004880306,
          0,
          0.9183331,
          0.3956462,
          0.011328468,
          0,
          0.5235667,
          0.10267235,
          0.014553864,
          1
        ]
      },
      {
        "date" : 731529514.837903,
        "title" : "Untitled",
        "transform" : [
          -0.080709174,
          -1.6854005e-07,
          -0.9967377,
          0,
          -0.2953986,
          0.9550746,
          0.023919348,
          0,
          0.9519588,
          0.29636574,
          -0.0770832,
          0,
          0.53206986,
          0.048178047,
          -0.033633776,
          1
        ]
      },
      {
        "date" : 731529503.603107,
        "title" : "Untitled",
        "transform" : [
          0.21867067,
          -1.6852601e-07,
          -0.9757987,
          0,
          -0.29015836,
          0.95476705,
          -0.06502281,
          0,
          0.93166035,
          0.2973551,
          0.20877959,
          0,
          0.5180396,
          0.048730295,
          0.12574205,
          1
        ]
      },
      {
        "date" : 731529497.569228,
        "title" : "Untitled",
        "transform" : [
          0.15273695,
          -1.6857763e-07,
          -0.9882669,
          0,
          -0.2908538,
          0.9557109,
          -0.044951603,
          0,
          0.9444973,
          0.29430726,
          0.1459724,
          0,
          0.5254571,
          0.04702946,
          0.090740256,
          1
        ]
      },
      {
        "date" : 731529490.602476,
        "title" : "Untitled",
        "transform" : [
          0.13373107,
          -1.7303196e-07,
          -0.9910177,
          0,
          -0.5082444,
          0.8584776,
          -0.068584144,
          0,
          0.8507663,
          0.51285124,
          0.11480511,
          0,
          0.5009191,
          0.17229752,
          0.07709984,
          1
        ]
      },
      {
        "date" : 731529488.485477,
        "title" : "Untitled",
        "transform" : [
          0.14022808,
          -1.7343827e-07,
          -0.9901193,
          0,
          -0.38817468,
          0.9199445,
          -0.05497625,
          0,
          0.91085476,
          0.39204866,
          0.12900208,
          0,
          0.5188635,
          0.10218985,
          0.08299819,
          1
        ]
      },
      {
        "date" : 731529478.819239,
        "title" : "Untitled",
        "transform" : [
          0.14022808,
          -1.7343827e-07,
          -0.9901193,
          0,
          -0.38817468,
          0.9199445,
          -0.05497625,
          0,
          0.91085476,
          0.39204866,
          0.12900208,
          0,
          0.5351189,
          0.11353607,
          -0.06625974,
          1
        ]
      },
      {
        "date" : 731529457.285334,
        "title" : "Untitled",
        "transform" : [
          0.36702767,
          -1.7344911e-07,
          -0.93020993,
          0,
          -0.40720537,
          0.89909357,
          -0.16066876,
          0,
          0.83634585,
          0.43775663,
          0.32999223,
          0,
          0.5299164,
          0.13953607,
          0.057890415,
          1
        ]
      }
    ],
    "44A2D4E5-3785-431B-9151-D0D51BDCA99F" : [
      {
        "date" : 731532184.840321,
        "title" : "Untitled",
        "transform" : [
          0.9988236,
          1.14109895e-08,
          -0.048490956,
          0,
          0.00977921,
          0.97945327,
          0.20143381,
          0,
          0.047494635,
          -0.20167106,
          0.9783011,
          0,
          0.012013844,
          0.022882983,
          0.22759426,
          1
        ]
      },
      {
        "date" : 731532159.991349,
        "title" : "Untitled",
        "transform" : [
          0.9988236,
          1.14109895e-08,
          -0.048490956,
          0,
          0.00977921,
          0.97945327,
          0.20143381,
          0,
          0.047494635,
          -0.20167106,
          0.9783011,
          0,
          0.011562638,
          0.07358043,
          0.23806718,
          1
        ]
      },
      {
        "date" : 731532150.691184,
        "title" : "Untitled",
        "transform" : [
          0.99798036,
          1.15073e-08,
          -0.06352252,
          0,
          0.0008484421,
          0.9999108,
          0.013329764,
          0,
          0.063516855,
          -0.013356738,
          0.99789137,
          0,
          0.0139923645,
          0.1172058,
          0.2197516,
          1
        ]
      },
      {
        "date" : 731532122.291716,
        "title" : "Untitled",
        "transform" : [
          0.99964535,
          1.1522709e-08,
          0.026627919,
          0,
          0.00051451864,
          0.9998133,
          -0.019316105,
          0,
          -0.026622953,
          0.019322956,
          0.9994588,
          0,
          -0.005753341,
          0.12433825,
          0.21617274,
          1
        ]
      },
      {
        "date" : 731532041.274736,
        "title" : "Untitled",
        "transform" : [
          0.9996454,
          1.1540868e-08,
          0.026627922,
          0,
          0.00051455374,
          0.99981326,
          -0.019316103,
          0,
          -0.026622828,
          0.019323071,
          0.99945873,
          0,
          0.0035628548,
          0.094071254,
          0.22110753,
          1
        ]
      },
      {
        "date" : 731532036.476984,
        "title" : "Untitled",
        "transform" : [
          0.96480584,
          1.1564155e-08,
          0.26296332,
          0,
          0.0025174487,
          0.99995416,
          -0.0092363665,
          0,
          -0.26295117,
          0.009573412,
          0.9647616,
          0,
          -0.049219377,
          0.09191255,
          0.21651828,
          1
        ]
      },
      {
        "date" : 731532033.391081,
        "title" : "Untitled",
        "transform" : [
          0.99864435,
          1.0804093e-08,
          -0.052052874,
          0,
          0.0020786424,
          0.9992024,
          0.039878692,
          0,
          0.05201143,
          -0.039932713,
          0.9978478,
          0,
          0.02120653,
          0.08081951,
          0.22532004,
          1
        ]
      },
      {
        "date" : 731532029.325397,
        "title" : "Untitled",
        "transform" : [
          0.24548382,
          1.05743085e-08,
          -0.9694007,
          0,
          -0.10137523,
          0.994517,
          -0.025671534,
          0,
          0.96408546,
          0.10457528,
          0.24413773,
          0,
          0.20792986,
          0.11258232,
          0.04290712,
          1
        ]
      },
      {
        "date" : 731532025.375186,
        "title" : "Untitled",
        "transform" : [
          0.99778724,
          1.0122633e-08,
          -0.06648938,
          0,
          -0.017507793,
          0.9647092,
          -0.26273486,
          0,
          0.06414299,
          0.26331764,
          0.96257436,
          0,
          0.022141699,
          0.14525966,
          0.19015783,
          1
        ]
      },
      {
        "date" : 731532021.091506,
        "title" : "Untitled",
        "transform" : [
          0.9790505,
          1.0399585e-08,
          0.2036171,
          0,
          0.0055183447,
          0.9996327,
          -0.02653368,
          0,
          -0.20354226,
          0.027101554,
          0.978691,
          0,
          -0.03558433,
          0.0957874,
          0.21750669,
          1
        ]
      }
    ],
    "45AFBB21-1C26-4A50-92AF-226438ABE7AE" : [
      {
        "date" : 731486150.828155,
        "title" : "Untitled",
        "transform" : [
          -0.20945565,
          -4.8130207e-08,
          0.9778182,
          0,
          0.8609248,
          0.47413006,
          0.1844163,
          0,
          -0.4636133,
          0.88045466,
          -0.09930921,
          0,
          -0.28727427,
          0.98015535,
          -0.8143789,
          1
        ]
      },
      {
        "date" : 731486114.127609,
        "title" : "Untitled",
        "transform" : [
          -0.045258403,
          -4.3924867e-08,
          0.99897534,
          0,
          0.44825655,
          0.8936743,
          0.020308258,
          0,
          -0.89275867,
          0.448716,
          -0.04044622,
          0,
          -0.8132766,
          0.6301015,
          -0.7413393,
          1
        ]
      },
      {
        "date" : 731486111.694187,
        "title" : "Untitled",
        "transform" : [
          -0.045258403,
          -4.3924867e-08,
          0.99897534,
          0,
          0.44825655,
          0.8936743,
          0.020308258,
          0,
          -0.89275867,
          0.448716,
          -0.04044622,
          0,
          -0.8105175,
          0.6653128,
          -0.41160372,
          1
        ]
      },
      {
        "date" : 731486082.876771,
        "title" : "Untitled",
        "transform" : [
          -0.058619924,
          -4.582372e-08,
          0.99828035,
          0,
          0.97045743,
          0.23444599,
          0.056986205,
          0,
          -0.234043,
          0.9721291,
          -0.01374316,
          0,
          -0.14755991,
          1.2448153,
          -1.0334442,
          1
        ]
      },
      {
        "date" : 731486074.260593,
        "title" : "Untitled",
        "transform" : [
          -0.058619924,
          -4.582372e-08,
          0.99828035,
          0,
          0.97045743,
          0.23444599,
          0.056986205,
          0,
          -0.234043,
          0.9721291,
          -0.01374316,
          0,
          -0.11639252,
          1.2509066,
          -1.1333523,
          1
        ]
      },
      {
        "date" : 731486065.49304,
        "title" : "Untitled",
        "transform" : [
          -0.058619924,
          -4.582372e-08,
          0.99828035,
          0,
          0.97045743,
          0.23444599,
          0.056986205,
          0,
          -0.234043,
          0.9721291,
          -0.01374316,
          0,
          0.084484346,
          1.3096033,
          -0.4022955,
          1
        ]
      },
      {
        "date" : 731486062.77574,
        "title" : "Untitled",
        "transform" : [
          -0.058619924,
          -4.582372e-08,
          0.99828035,
          0,
          0.97045743,
          0.23444599,
          0.056986205,
          0,
          -0.234043,
          0.9721291,
          -0.01374316,
          0,
          0.13577278,
          2.197161,
          -0.47063088,
          1
        ]
      },
      {
        "date" : 731486060.659672,
        "title" : "Untitled",
        "transform" : [
          -0.045989346,
          -4.4367567e-08,
          0.99894196,
          0,
          0.37124768,
          0.9283765,
          0.017091615,
          0,
          -0.92739433,
          0.3716408,
          -0.0426954,
          0,
          -1.7273645,
          1.4103799,
          -0.55856895,
          1
        ]
      },
      {
        "date" : 731486056.975052,
        "title" : "Untitled",
        "transform" : [
          -0.045989346,
          -4.4367567e-08,
          0.99894196,
          0,
          0.3712477,
          0.9283766,
          0.017091617,
          0,
          -0.9273942,
          0.37164077,
          -0.042695396,
          0,
          -1.9425707,
          0.89326257,
          -0.3852651,
          1
        ]
      },
      {
        "date" : 731486041.841039,
        "title" : "Untitled",
        "transform" : [
          0.76450723,
          -4.2649617e-08,
          0.6446152,
          0,
          0.57639277,
          0.44773614,
          -0.683596,
          0,
          -0.28861758,
          0.89416564,
          0.34229767,
          0,
          -1.9795661,
          8.005093,
          0.94404995,
          1
        ]
      }
    ],
    "48F376F9-1254-423A-9B43-140CC564E30D" : [
      {
        "date" : 731480178.818473,
        "title" : "Untitled",
        "transform" : [
          0.25838557,
          2.0513318e-07,
          -0.9660418,
          0,
          -0.2258434,
          0.9722891,
          -0.060405724,
          0,
          0.9392719,
          0.23378213,
          0.25122556,
          0,
          4.020554,
          1.1628504,
          3.2734008,
          1
        ]
      },
      {
        "date" : 731480160.538436,
        "title" : "Untitled",
        "transform" : [
          0.5103137,
          3.784874e-08,
          -0.8599884,
          0,
          -0.364667,
          0.9056449,
          -0.21639158,
          0,
          0.77884406,
          0.4240368,
          0.462163,
          0,
          5.0733323,
          3.371431,
          3.177806,
          1
        ]
      },
      {
        "date" : 731480137.310359,
        "title" : "Untitled",
        "transform" : [
          0.5103137,
          3.784874e-08,
          -0.8599884,
          0,
          -0.364667,
          0.9056449,
          -0.21639158,
          0,
          0.77884406,
          0.4240368,
          0.462163,
          0,
          5.617573,
          2.2999384,
          3.2437432,
          1
        ]
      },
      {
        "date" : 731480094.433048,
        "title" : "Untitled",
        "transform" : [
          0.5103137,
          3.784874e-08,
          -0.8599884,
          0,
          -0.364667,
          0.9056449,
          -0.21639158,
          0,
          0.77884406,
          0.4240368,
          0.462163,
          0,
          5.7702217,
          2.0526688,
          3.2133677,
          1
        ]
      },
      {
        "date" : 731480089.931983,
        "title" : "Untitled",
        "transform" : [
          0.51078016,
          2.760827e-08,
          -0.85971135,
          0,
          -0.11154153,
          0.99154764,
          -0.066269785,
          0,
          0.85244477,
          0.12974265,
          0.5064629,
          0,
          6.032728,
          0.4255356,
          3.3725436,
          1
        ]
      },
      {
        "date" : 731480078.032952,
        "title" : "Untitled",
        "transform" : [
          0.5424698,
          1.4688689e-08,
          -0.84007525,
          0,
          -0.36612713,
          0.90003073,
          -0.23642239,
          0,
          0.75609374,
          0.43582624,
          0.48823944,
          0,
          5.6470604,
          2.1657608,
          3.3693986,
          1
        ]
      },
      {
        "date" : 731480063.666876,
        "title" : "Untitled",
        "transform" : [
          0.5424698,
          1.4688689e-08,
          -0.84007525,
          0,
          -0.36612707,
          0.9000306,
          -0.23642236,
          0,
          0.75609374,
          0.43582624,
          0.48823944,
          0,
          3.3649828,
          1.2905383,
          3.0538073,
          1
        ]
      },
      {
        "date" : 731480047.817715,
        "title" : "Untitled",
        "transform" : [
          -0.88409966,
          1.2544054e-08,
          -0.4672985,
          0,
          -0.23009893,
          0.87036747,
          0.43533325,
          0,
          0.40672138,
          0.49240264,
          -0.7694917,
          0,
          0.16611013,
          1.9074095,
          -1.6700096,
          1
        ]
      },
      {
        "date" : 731480034.449114,
        "title" : "Untitled",
        "transform" : [
          -0.011388058,
          5.6902723e-09,
          -0.9999351,
          0,
          -0.46180192,
          0.88696754,
          0.005259415,
          0,
          0.8869101,
          0.46183178,
          -0.010100849,
          0,
          3.8853097,
          1.7726052,
          0.70097303,
          1
        ]
      },
      {
        "date" : 731480032.71147,
        "title" : "Untitled",
        "transform" : [
          -0.011388058,
          5.6902723e-09,
          -0.9999351,
          0,
          -0.46180192,
          0.88696754,
          0.005259415,
          0,
          0.8869101,
          0.46183178,
          -0.010100849,
          0,
          3.6773486,
          2.1596563,
          0.13762972,
          1
        ]
      }
    ],
    "57BFDF40-43D9-429A-9C44-F32C45FD2B0D" : [
      {
        "date" : 731483215.888169,
        "title" : "Untitled",
        "transform" : [
          0.9996277,
          3.0537855e-08,
          0.027284568,
          0,
          0.017453644,
          0.7686334,
          -0.6394513,
          0,
          -0.020971863,
          0.6396895,
          0.76834726,
          0,
          -0.18500471,
          4.220343,
          2.413144,
          1
        ]
      },
      {
        "date" : 731462329.709241,
        "title" : "Untitled",
        "transform" : [
          0.9996277,
          3.0537855e-08,
          0.027284568,
          0,
          0.017453644,
          0.7686334,
          -0.6394513,
          0,
          -0.020971863,
          0.6396895,
          0.76834726,
          0,
          -0.32096875,
          4.045055,
          2.5553691,
          1
        ]
      },
      {
        "date" : 731462290.809322,
        "title" : "Untitled",
        "transform" : [
          0.61494946,
          -8.038182e-09,
          0.7885665,
          0,
          0.5292754,
          0.74128824,
          -0.4127459,
          0,
          -0.5845551,
          0.67118675,
          0.4558548,
          0,
          1.8892529,
          0.17884135,
          0.031667948,
          1
        ]
      },
      {
        "date" : 731462282.873136,
        "title" : "Untitled",
        "transform" : [
          0.61494946,
          -9.367444e-09,
          0.78856647,
          0,
          0.5292754,
          0.7412883,
          -0.41274595,
          0,
          -0.5845551,
          0.67118675,
          0.45585486,
          0,
          -0.19171256,
          2.197542,
          1.3581617,
          1
        ]
      },
      {
        "date" : 731462260.423982,
        "title" : "Untitled",
        "transform" : [
          0.61494946,
          -9.367444e-09,
          0.78856647,
          0,
          0.5292754,
          0.7412883,
          -0.41274595,
          0,
          -0.5845551,
          0.67118675,
          0.45585486,
          0,
          -23.188196,
          36.147648,
          23.123358,
          1
        ]
      },
      {
        "date" : 731462246.673924,
        "title" : "Untitled",
        "transform" : [
          0.61494946,
          -9.367444e-09,
          0.78856647,
          0,
          0.5292754,
          0.7412883,
          -0.41274595,
          0,
          -0.5845551,
          0.67118675,
          0.45585486,
          0,
          1.0137975,
          1.8376696,
          0.79819447,
          1
        ]
      },
      {
        "date" : 731462240.222154,
        "title" : "Untitled",
        "transform" : [
          0.6120817,
          -9.367444e-09,
          0.79079455,
          0,
          0.53077084,
          0.7412883,
          -0.41082114,
          0,
          -0.58620673,
          0.67118675,
          0.453729,
          0,
          -4.1029353,
          6.2240047,
          3.4529927,
          1
        ]
      },
      {
        "date" : 731462238.047534,
        "title" : "Untitled",
        "transform" : [
          0.6120817,
          8.604632e-09,
          0.7907945,
          0,
          0.53077084,
          0.74128824,
          -0.41082117,
          0,
          -0.58620673,
          0.67118675,
          0.45372906,
          0,
          1.2002072,
          0.49218324,
          -0.03194663,
          1
        ]
      },
      {
        "date" : 731462226.772797,
        "title" : "Untitled",
        "transform" : [
          0.9888418,
          7.270245e-09,
          0.14896938,
          0,
          0.09350176,
          0.7784895,
          -0.62065417,
          0,
          -0.11597109,
          0.62765765,
          0.769803,
          0,
          1.9427292,
          1.3046752,
          0.8805023,
          1
        ]
      },
      {
        "date" : 731462212.153637,
        "title" : "Untitled",
        "transform" : [
          0.9935831,
          7.270245e-09,
          0.1131048,
          0,
          0.070991084,
          0.7784895,
          -0.62363005,
          0,
          -0.088050894,
          0.62765765,
          0.773494,
          0,
          -0.0034127142,
          5.3623204,
          4.919935,
          1
        ]
      }
    ],
    "64E0AA33-778E-4AB6-9B20-B2CE4AD33220" : [
      {
        "date" : 731484217.670919,
        "title" : "Untitled",
        "transform" : [
          0.89390236,
          -9.362174e-09,
          -0.44826168,
          0,
          -0.14353211,
          0.94735086,
          -0.28622517,
          0,
          0.42466098,
          0.3201976,
          0.8468392,
          0,
          0.103838444,
          2.3038974,
          3.1048653,
          1
        ]
      },
      {
        "date" : 731484212.470879,
        "title" : "Untitled",
        "transform" : [
          0.8267523,
          -9.539921e-09,
          -0.56256616,
          0,
          -0.17223038,
          0.9519828,
          -0.25311142,
          0,
          0.5355532,
          0.30615172,
          0.78705394,
          0,
          0.94112897,
          1.5254169,
          2.5413342,
          1
        ]
      },
      {
        "date" : 731484206.470237,
        "title" : "Untitled",
        "transform" : [
          0.8267523,
          -9.539921e-09,
          -0.56256616,
          0,
          -0.17223038,
          0.9519828,
          -0.25311142,
          0,
          0.5355532,
          0.30615172,
          0.78705394,
          0,
          15.261944,
          7.776415,
          7.6173186,
          1
        ]
      },
      {
        "date" : 731484134.503438,
        "title" : "Untitled",
        "transform" : [
          0.8267523,
          -9.539921e-09,
          -0.56256616,
          0,
          -0.17223038,
          0.9519828,
          -0.25311142,
          0,
          0.5355532,
          0.30615172,
          0.78705394,
          0,
          1.0033832,
          2.3084908,
          2.0176888,
          1
        ]
      },
      {
        "date" : 731484124.386203,
        "title" : "Untitled",
        "transform" : [
          0.8267523,
          -9.539921e-09,
          -0.56256616,
          0,
          -0.17223038,
          0.9519828,
          -0.25311142,
          0,
          0.5355532,
          0.30615172,
          0.78705394,
          0,
          1.688199,
          2.0469375,
          1.6534437,
          1
        ]
      },
      {
        "date" : 731484084.834252,
        "title" : "Untitled",
        "transform" : [
          0.98082167,
          -6.12946e-09,
          -0.19490765,
          0,
          -0.0848589,
          0.90024656,
          -0.42703044,
          0,
          0.17546493,
          0.43538058,
          0.88298124,
          0,
          0.9318472,
          2.8405862,
          3.2694232,
          1
        ]
      },
      {
        "date" : 731483576.10833,
        "title" : "Untitled",
        "transform" : [
          0.98082167,
          -6.12946e-09,
          -0.19490765,
          0,
          -0.0848589,
          0.90024656,
          -0.42703044,
          0,
          0.17546493,
          0.43538058,
          0.88298124,
          0,
          -0.55534077,
          1.7680141,
          2.7672873,
          1
        ]
      },
      {
        "date" : 731483500.840956,
        "title" : "Untitled",
        "transform" : [
          0.98082167,
          -6.12946e-09,
          -0.19490765,
          0,
          -0.0848589,
          0.90024656,
          -0.42703044,
          0,
          0.17546493,
          0.43538058,
          0.88298124,
          0,
          1.8289669,
          3.0117626,
          4.437739,
          1
        ]
      },
      {
        "date" : 731483493.507071,
        "title" : "Untitled",
        "transform" : [
          0.98082167,
          -6.12946e-09,
          -0.19490765,
          0,
          -0.0848589,
          0.90024656,
          -0.42703044,
          0,
          0.17546491,
          0.43538052,
          0.8829811,
          0,
          0.5532332,
          1.714015,
          3.0772774,
          1
        ]
      },
      {
        "date" : 731483489.155863,
        "title" : "Untitled",
        "transform" : [
          0.9990295,
          -6.1026033e-09,
          0.04404668,
          0,
          0.01897468,
          0.90245485,
          -0.43036628,
          0,
          -0.039750125,
          0.43078452,
          0.9015789,
          0,
          -0.4463936,
          0.9394534,
          0.8163818,
          1
        ]
      }
    ],
    "822C1E60-C394-4E4E-858E-1587F4333EB6" : [
      {
        "date" : 731479868.146338,
        "title" : "Untitled",
        "transform" : [
          -0.21685138,
          1.4221415e-08,
          0.9762046,
          0,
          0.7574772,
          0.6308054,
          0.16826384,
          0,
          -0.61579514,
          0.7759411,
          -0.13679112,
          0,
          -1.1173954,
          0.9046001,
          -0.62980324,
          1
        ]
      },
      {
        "date" : 731477604.938798,
        "title" : "Untitled",
        "transform" : [
          -0.21685138,
          1.4221415e-08,
          0.9762046,
          0,
          0.7574772,
          0.6308054,
          0.16826384,
          0,
          -0.6157951,
          0.77594095,
          -0.13679111,
          0,
          -0.9770006,
          0.7754176,
          -0.58934885,
          1
        ]
      },
      {
        "date" : 731477597.278488,
        "title" : "Untitled",
        "transform" : [
          0.2840876,
          1.9583448e-08,
          0.9587983,
          0,
          0.9430771,
          0.18034619,
          -0.27942953,
          0,
          -0.17291568,
          0.9836031,
          0.05123404,
          0,
          -0.3566391,
          1.1320081,
          -0.261609,
          1
        ]
      },
      {
        "date" : 731477590.792477,
        "title" : "Untitled",
        "transform" : [
          0.26479405,
          2.6513343e-08,
          0.964305,
          0,
          0.56253475,
          0.81221545,
          -0.15446968,
          0,
          -0.7832234,
          0.5833577,
          0.21506973,
          0,
          -1.220609,
          0.40583348,
          -0.1443407,
          1
        ]
      },
      {
        "date" : 731457107.122838,
        "title" : "Untitled",
        "transform" : [
          0.50165236,
          2.6546237e-08,
          0.86506927,
          0,
          0.46448424,
          0.84362495,
          -0.26935375,
          0,
          -0.729794,
          0.536933,
          0.42320636,
          0,
          -1.2352433,
          0.34138817,
          0.18179393,
          1
        ]
      },
      {
        "date" : 731451514.68374,
        "title" : "Untitled",
        "transform" : [
          0.50165236,
          2.6546237e-08,
          0.86506927,
          0,
          0.46448424,
          0.84362495,
          -0.26935375,
          0,
          -0.729794,
          0.536933,
          0.42320636,
          0,
          -0.85102725,
          0.7395295,
          0.33921945,
          1
        ]
      },
      {
        "date" : 731451338.765221,
        "title" : "Untitled",
        "transform" : [
          0.50165236,
          2.6546237e-08,
          0.86506927,
          0,
          0.46448424,
          0.84362495,
          -0.26935375,
          0,
          -0.729794,
          0.536933,
          0.42320636,
          0,
          -0.97074914,
          0.93921196,
          -0.120576866,
          1
        ]
      },
      {
        "date" : 731451319.915538,
        "title" : "Untitled",
        "transform" : [
          0.50165236,
          2.6546237e-08,
          0.86506927,
          0,
          0.46448424,
          0.84362495,
          -0.26935375,
          0,
          -0.729794,
          0.536933,
          0.42320636,
          0,
          -0.97222066,
          0.7718563,
          0.08921393,
          1
        ]
      },
      {
        "date" : 731451302.014379,
        "title" : "Untitled",
        "transform" : [
          -0.013839169,
          3.567806e-08,
          0.9999042,
          0,
          0.5032192,
          0.8641307,
          0.0069647743,
          0,
          -0.864048,
          0.5032674,
          -0.011958876,
          0,
          -0.8211361,
          0.88265413,
          -0.6689333,
          1
        ]
      },
      {
        "date" : 731451282.664043,
        "title" : "Untitled",
        "transform" : [
          -0.013839169,
          3.567806e-08,
          0.9999042,
          0,
          0.5032192,
          0.8641307,
          0.0069647743,
          0,
          -0.864048,
          0.5032674,
          -0.011958876,
          0,
